20 3
0.814723686393179 0.655740699156587 0.438744359656398
0.905791937075619 0.0357116785741896 0.381558457093008
0.126986816293506 0.849129305868777 0.765516788149002
0.913375856139019 0.933993247757551 0.795199901137063
0.632359246225410 0.678735154857774 0.186872604554379
0.0975404049994095 0.757740130578333 0.489764395788231
0.278498218867048 0.743132468124916 0.445586200710900
0.546881519204984 0.392227019534168 0.646313010111265
0.957506835434298 0.655477890177557 0.709364830858073
0.964888535199277 0.171186687811562 0.754686681982361
0.157613081677548 0.706046088019609 0.276025076998578
0.970592781760616 0.0318328463774207 0.679702676853675
0.957166948242946 0.276922984960890 0.655098003973841
0.485375648722841 0.0461713906311539 0.162611735194631
0.800280468888800 0.0971317812358475 0.118997681558377
0.141886338627215 0.823457828327293 0.498364051982143
0.421761282626275 0.694828622975817 0.959743958516081
0.915735525189067 0.317099480060861 0.340385726666133
0.792207329559554 0.950222048838355 0.585267750979777
0.959492426392903 0.0344460805029088 0.223811939491137