10 10
0.751267059305653 0.840717255983663 0.351659507062997 0.0758542895630636 0.162182308193243 0.450541598502498 0.106652770180584 0.431413827463545 0.853031117721894 0.417267069084370
0.255095115459269 0.254282178971531 0.830828627896291 0.0539501186666072 0.794284540683907 0.0838213779969326 0.961898080855054 0.910647594429523 0.622055131485066 0.0496544303257421
0.505957051665142 0.814284826068816 0.585264091152724 0.530797553008973 0.311215042044805 0.228976968716819 0.00463422413406744 0.181847028302853 0.350952380892271 0.902716109915281
0.699076722656686 0.243524968724989 0.549723608291140 0.779167230102011 0.528533135506213 0.913337361501670 0.774910464711502 0.263802916521990 0.513249539867053 0.944787189721646
0.890903252535799 0.929263623187228 0.917193663829810 0.934010684229183 0.165648729499781 0.152378018969223 0.817303220653433 0.145538980384717 0.401808033751942 0.490864092468080
0.959291425205444 0.349983765984809 0.285839018820374 0.129906208473730 0.601981941401637 0.825816977489547 0.868694705363510 0.136068558708664 0.0759666916908419 0.489252638400019
0.547215529963803 0.196595250431208 0.757200229110721 0.568823660872193 0.262971284540144 0.538342435260057 0.0844358455109103 0.869292207640089 0.239916153553658 0.337719409821377
0.138624442828679 0.251083857976031 0.753729094278495 0.469390641058206 0.654079098476782 0.996134716626886 0.399782649098897 0.579704587365570 0.123318934835166 0.900053846417662
0.149294005559057 0.616044676146639 0.380445846975357 0.0119020695012414 0.689214503140008 0.0781755287531837 0.259870402850654 0.549860201836332 0.183907788282417 0.369246781120215
0.257508254123736 0.473288848902729 0.567821640725221 0.337122644398882 0.748151592823710 0.442678269775446 0.800068480224308 0.144954798223727 0.239952525664903 0.111202755293787