30 3
0.780252068321138 0.929385970968730 0.311102286650413
0.389738836961253 0.775712678608402 0.923379642103244
0.241691285913833 0.486791632403172 0.430207391329584
0.403912145588115 0.435858588580919 0.184816320124136
0.0964545251683886 0.446783749429806 0.904880968679893
0.131973292606335 0.306349472016557 0.979748378356085
0.942050590775485 0.508508655381127 0.438869973126103
0.956134540229802 0.510771564172110 0.111119223440599
0.575208595078466 0.817627708322262 0.258064695912067
0.0597795429471558 0.794831416883453 0.408719846112552
0.234779913372406 0.644318130193692 0.594896074008614
0.353158571222071 0.378609382660268 0.262211747780845
0.821194040197959 0.811580458282477 0.602843089382083
0.0154034376515551 0.532825588799455 0.711215780433683
0.0430238016578078 0.350727103576883 0.221746734017240
0.168990029462704 0.939001561999887 0.117417650855806
0.649115474956452 0.875942811492984 0.296675873218327
0.731722385658670 0.550156342898422 0.318778301925882
0.647745963136307 0.622475086001228 0.424166759713807
0.450923706430945 0.587044704531417 0.507858284661118
0.547008892286345 0.207742292733028 0.0855157970900440
0.296320805607773 0.301246330279491 0.262482234698333
0.744692807074156 0.470923348517591 0.801014622769739
0.188955015032545 0.230488160211559 0.0292202775621463
0.686775433365315 0.844308792695389 0.928854139478045
0.183511155737270 0.194764289567049 0.730330862855453
0.368484596490337 0.225921780972399 0.488608973803579
0.625618560729690 0.170708047147859 0.578525061023439
0.780227435151377 0.227664297816554 0.237283579771521
0.0811257688657853 0.435698684103899 0.458848828179931