20 30
0.500000 0.000000 0.000000 0.000000 0.000000 0.000000 0.500000 0.000000 0.000000 0.000000 0.000000 0.000000 0.000000 0.000000 0.000000 0.000000 0.000000 0.000000 0.000000 0.000000 0.000000 0.500000 0.000000 0.000000 0.000000 0.000000 0.000000 0.000000 0.500000 0.000000 
0.333333 0.333333 0.000000 0.000000 0.000000 0.000000 0.000000 0.000000 0.000000 0.000000 0.333333 0.000000 0.000000 0.000000 0.000000 0.000000 0.333333 0.000000 0.333333 0.333333 0.333333 0.000000 0.000000 0.000000 0.333333 0.000000 0.000000 0.000000 0.000000 0.333333 
0.000000 0.000000 0.377964 0.000000 0.377964 0.377964 0.000000 0.000000 0.377964 0.000000 0.000000 0.000000 0.000000 0.000000 0.000000 0.000000 0.377964 0.000000 0.000000 0.000000 0.377964 0.000000 0.000000 0.000000 0.000000 0.000000 0.000000 0.377964 0.000000 0.000000 
0.288675 0.000000 0.000000 0.288675 0.288675 0.000000 0.000000 0.288675 0.288675 0.288675 0.288675 0.000000 0.288675 0.288675 0.000000 0.000000 0.000000 0.000000 0.000000 0.000000 0.000000 0.000000 0.000000 0.000000 0.288675 0.288675 0.000000 0.000000 0.288675 0.000000 
0.000000 0.258199 0.000000 0.000000 0.000000 0.258199 0.000000 0.000000 0.000000 0.258199 0.258199 0.258199 0.000000 0.258199 0.258199 0.000000 0.258199 0.000000 0.000000 0.000000 0.258199 0.258199 0.258199 0.258199 0.258199 0.000000 0.258199 0.000000 0.258199 0.000000 
0.000000 0.000000 0.353553 0.000000 0.000000 0.000000 0.000000 0.000000 0.000000 0.000000 0.000000 0.353553 0.000000 0.000000 0.000000 0.353553 0.000000 0.000000 0.353553 0.000000 0.000000 0.000000 0.353553 0.353553 0.353553 0.000000 0.000000 0.000000 0.000000 0.353553 
0.333333 0.000000 0.000000 0.000000 0.333333 0.000000 0.000000 0.000000 0.333333 0.000000 0.000000 0.000000 0.000000 0.000000 0.000000 0.000000 0.000000 0.333333 0.000000 0.000000 0.333333 0.000000 0.000000 0.333333 0.333333 0.000000 0.000000 0.000000 0.333333 0.333333 
0.353553 0.353553 0.000000 0.353553 0.000000 0.000000 0.353553 0.000000 0.000000 0.000000 0.000000 0.000000 0.000000 0.353553 0.000000 0.000000 0.000000 0.000000 0.000000 0.353553 0.000000 0.000000 0.000000 0.000000 0.000000 0.353553 0.000000 0.353553 0.000000 0.000000 
0.000000 0.000000 0.447214 0.447214 0.000000 0.000000 0.000000 0.000000 0.000000 0.000000 0.000000 0.000000 0.000000 0.000000 0.000000 0.000000 0.000000 0.000000 0.000000 0.000000 0.447214 0.000000 0.447214 0.000000 0.447214 0.000000 0.000000 0.000000 0.000000 0.000000 
0.000000 0.288675 0.000000 0.288675 0.000000 0.000000 0.000000 0.288675 0.288675 0.000000 0.288675 0.000000 0.000000 0.288675 0.288675 0.000000 0.000000 0.000000 0.000000 0.288675 0.000000 0.000000 0.000000 0.000000 0.000000 0.288675 0.288675 0.288675 0.288675 0.000000 
0.000000 0.000000 0.000000 0.333333 0.000000 0.000000 0.000000 0.000000 0.000000 0.000000 0.333333 0.000000 0.333333 0.333333 0.000000 0.333333 0.000000 0.333333 0.000000 0.000000 0.000000 0.000000 0.000000 0.333333 0.333333 0.000000 0.000000 0.000000 0.333333 0.000000 
0.258199 0.258199 0.000000 0.000000 0.258199 0.000000 0.000000 0.258199 0.000000 0.000000 0.000000 0.258199 0.258199 0.258199 0.000000 0.258199 0.000000 0.258199 0.258199 0.000000 0.000000 0.000000 0.258199 0.258199 0.258199 0.258199 0.000000 0.258199 0.000000 0.000000 
0.316228 0.316228 0.316228 0.316228 0.000000 0.316228 0.000000 0.000000 0.000000 0.000000 0.000000 0.316228 0.000000 0.316228 0.000000 0.000000 0.000000 0.000000 0.000000 0.000000 0.000000 0.000000 0.000000 0.316228 0.000000 0.316228 0.000000 0.000000 0.000000 0.316228 
0.000000 0.000000 0.000000 0.000000 0.000000 0.000000 0.377964 0.377964 0.000000 0.000000 0.377964 0.377964 0.000000 0.000000 0.377964 0.377964 0.000000 0.000000 0.000000 0.000000 0.000000 0.000000 0.000000 0.000000 0.377964 0.000000 0.000000 0.000000 0.000000 0.000000 
0.288675 0.000000 0.288675 0.000000 0.288675 0.288675 0.000000 0.000000 0.000000 0.000000 0.000000 0.000000 0.000000 0.288675 0.000000 0.288675 0.000000 0.288675 0.000000 0.000000 0.000000 0.288675 0.000000 0.288675 0.000000 0.000000 0.288675 0.288675 0.288675 0.000000 
0.000000 0.000000 0.000000 0.000000 0.301511 0.301511 0.301511 0.000000 0.000000 0.301511 0.301511 0.301511 0.000000 0.301511 0.000000 0.000000 0.000000 0.000000 0.000000 0.000000 0.301511 0.301511 0.000000 0.301511 0.000000 0.000000 0.000000 0.000000 0.000000 0.301511 
0.000000 0.000000 0.000000 0.333333 0.000000 0.000000 0.000000 0.000000 0.333333 0.000000 0.000000 0.333333 0.000000 0.333333 0.333333 0.000000 0.000000 0.333333 0.333333 0.000000 0.000000 0.333333 0.000000 0.333333 0.000000 0.000000 0.000000 0.000000 0.000000 0.000000 
0.000000 0.000000 0.000000 0.000000 0.000000 0.000000 0.000000 0.288675 0.288675 0.288675 0.288675 0.000000 0.288675 0.288675 0.000000 0.288675 0.000000 0.000000 0.000000 0.288675 0.288675 0.288675 0.000000 0.000000 0.000000 0.288675 0.000000 0.000000 0.288675 0.000000 
0.000000 0.000000 0.353553 0.000000 0.000000 0.000000 0.000000 0.353553 0.000000 0.000000 0.000000 0.000000 0.353553 0.000000 0.000000 0.000000 0.000000 0.353553 0.353553 0.000000 0.000000 0.000000 0.000000 0.000000 0.000000 0.000000 0.353553 0.000000 0.353553 0.353553 
0.000000 0.333333 0.333333 0.000000 0.000000 0.000000 0.333333 0.000000 0.000000 0.000000 0.000000 0.333333 0.000000 0.000000 0.000000 0.000000 0.333333 0.000000 0.000000 0.000000 0.333333 0.333333 0.000000 0.000000 0.000000 0.000000 0.000000 0.333333 0.000000 0.333333 
