%MatrixMarket matrix coordinate real general
20 30 191
1 1 1.000000
1 7 1.000000
1 22 1.000000
1 29 1.000000
2 1 1.000000
2 2 1.000000
2 11 1.000000
2 17 1.000000
2 19 1.000000
2 20 1.000000
2 21 1.000000
2 25 1.000000
2 30 1.000000
3 3 1.000000
3 5 1.000000
3 6 1.000000
3 9 1.000000
3 17 1.000000
3 21 1.000000
3 28 1.000000
4 1 1.000000
4 4 1.000000
4 5 1.000000
4 8 1.000000
4 9 1.000000
4 10 1.000000
4 11 1.000000
4 13 1.000000
4 14 1.000000
4 25 1.000000
4 26 1.000000
4 29 1.000000
5 2 1.000000
5 6 1.000000
5 10 1.000000
5 11 1.000000
5 12 1.000000
5 14 1.000000
5 15 1.000000
5 17 1.000000
5 21 1.000000
5 22 1.000000
5 23 1.000000
5 24 1.000000
5 25 1.000000
5 27 1.000000
5 29 1.000000
6 3 1.000000
6 12 1.000000
6 16 1.000000
6 19 1.000000
6 23 1.000000
6 24 1.000000
6 25 1.000000
6 30 1.000000
7 1 1.000000
7 5 1.000000
7 9 1.000000
7 18 1.000000
7 21 1.000000
7 24 1.000000
7 25 1.000000
7 29 1.000000
7 30 1.000000
8 1 1.000000
8 2 1.000000
8 4 1.000000
8 7 1.000000
8 14 1.000000
8 20 1.000000
8 26 1.000000
8 28 1.000000
9 3 1.000000
9 4 1.000000
9 21 1.000000
9 23 1.000000
9 25 1.000000
10 2 1.000000
10 4 1.000000
10 8 1.000000
10 9 1.000000
10 11 1.000000
10 14 1.000000
10 15 1.000000
10 20 1.000000
10 26 1.000000
10 27 1.000000
10 28 1.000000
10 29 1.000000
11 4 1.000000
11 11 1.000000
11 13 1.000000
11 14 1.000000
11 16 1.000000
11 18 1.000000
11 24 1.000000
11 25 1.000000
11 29 1.000000
12 1 1.000000
12 2 1.000000
12 5 1.000000
12 8 1.000000
12 12 1.000000
12 13 1.000000
12 14 1.000000
12 16 1.000000
12 18 1.000000
12 19 1.000000
12 23 1.000000
12 24 1.000000
12 25 1.000000
12 26 1.000000
12 28 1.000000
13 1 1.000000
13 2 1.000000
13 3 1.000000
13 4 1.000000
13 6 1.000000
13 12 1.000000
13 14 1.000000
13 24 1.000000
13 26 1.000000
13 30 1.000000
14 7 1.000000
14 8 1.000000
14 11 1.000000
14 12 1.000000
14 15 1.000000
14 16 1.000000
14 25 1.000000
15 1 1.000000
15 3 1.000000
15 5 1.000000
15 6 1.000000
15 14 1.000000
15 16 1.000000
15 18 1.000000
15 22 1.000000
15 24 1.000000
15 27 1.000000
15 28 1.000000
15 29 1.000000
16 5 1.000000
16 6 1.000000
16 7 1.000000
16 10 1.000000
16 11 1.000000
16 12 1.000000
16 14 1.000000
16 21 1.000000
16 22 1.000000
16 24 1.000000
16 30 1.000000
17 4 1.000000
17 9 1.000000
17 12 1.000000
17 14 1.000000
17 15 1.000000
17 18 1.000000
17 19 1.000000
17 22 1.000000
17 24 1.000000
18 8 1.000000
18 9 1.000000
18 10 1.000000
18 11 1.000000
18 13 1.000000
18 14 1.000000
18 16 1.000000
18 20 1.000000
18 21 1.000000
18 22 1.000000
18 26 1.000000
18 29 1.000000
19 3 1.000000
19 8 1.000000
19 13 1.000000
19 18 1.000000
19 19 1.000000
19 27 1.000000
19 29 1.000000
19 30 1.000000
20 2 1.000000
20 3 1.000000
20 7 1.000000
20 12 1.000000
20 17 1.000000
20 21 1.000000
20 22 1.000000
20 28 1.000000
20 30 1.000000
