%%MatrixMarket matrix coordinate real general
10 20 41
1 1 1.000000
1 4 1.000000
2 2 1.000000
2 5 1.000000
2 7 1.000000
2 11 1.000000
2 15 1.000000
2 18 1.000000
2 19 1.000000
2 20 1.000000
3 4 1.000000
4 1 1.000000
4 5 1.000000
4 10 1.000000
4 15 1.000000
4 16 1.000000
4 18 1.000000
5 2 1.000000
5 11 1.000000
5 17 1.000000
5 19 1.000000
6 5 1.000000
6 6 1.000000
6 11 1.000000
6 14 1.000000
6 15 1.000000
6 16 1.000000
7 2 1.000000
7 6 1.000000
7 8 1.000000
7 10 1.000000
8 1 1.000000
8 4 1.000000
8 8 1.000000
8 20 1.000000
9 2 1.000000
9 8 1.000000
9 12 1.000000
9 17 1.000000
10 2 1.000000
10 14 1.000000
